
[1,] 0.6778141
[2,] 0.6200708
[3,] 0.7086080
[4,] 0.7454694
[5,] 0.6404197
[6,] 0.5947815
[7,] 0.6140332
[8,] 0.7615782
[9,] 0.7916968
[10,] 0.6655731
[11,] 0.5157943
[12,] 0.5480846
[13,] 0.7199825
[14,] 0.7436936
[15,] 0.7557857
[16,] 0.7310834
[17,] 0.7176381
[18,] 0.7121444
[19,] 0.2568846
[20,] 0.8056544
[21,] 0.6289476
[22,] 0.7079516
[23,] 0.7955864
[24,] 0.4681896
[25,] 0.7076288
[26,] 0.6482895
[27,] 0.7099390
[28,] 0.7679365
[29,] 0.7081029
[30,] 0.6980523
[31,] 0.7175349
[32,] 0.6404663
[33,] 0.7978994
[34,] 0.6947298
[35,] 0.7516676
[36,] 0.8171450
[37,] 0.7367751
[38,] 0.8287710
[39,] 0.4949641
[40,] 0.6525753

logf(phi)= 9.746088985646693


true
8.4315664717398


500
lamda=[0.2,0.3,0.5,0.7,0.8]e2
max logf(phi)= 7.687999226351295
lamda on max= [0.8, 0.5, 0.2, 0.7, 0.7, 0.7, 0.5, 0.8, 0.7, 0.8, 0.5, 0.5, 0.7, 0.8, 0.7, 0.5, 0.8, 0.8, 0.3, 0.8, 0.3, 0.7, 0.7, 0.5, 0.5, 0.7, 0.2, 0.5, 0.8, 0.3, 0.7, 0.3, 0.3, 0.5, 0.5, 0.7, 0.8, 0.7, 0.2, 0.8]

1000
lamda=[0.2,0.3,0.5,0.7,0.8]
max logf(phi)= 8.019693159346609
lamda on max= [0.7, 0.7, 0.3, 0.2, 0.8, 0.2, 0.5, 0.3, 0.8, 0.7, 0.8, 0.8, 0.8, 0.8, 0.7, 0.8, 0.8, 0.7, 0.2, 0.5, 0.8, 0.5, 0.8, 0.5, 0.2, 0.3, 0.8, 0.8, 0.8, 0.5, 0.8, 0.8, 0.7, 0.5, 0.7, 0.8, 0.5, 0.5, 0.8, 0.8]
